-0.5
0.8
0.0
0.0
-0.25
0.4
0.0
0.5
0.0
0.4
0.5
0.1
-0.625
0.0
-0.25
0.6
0.4
0.4
0.4
0.85
0.6
-0.6
0.5
0.2
-0.05
0.85
0.4
0.4
0.8
0.0
-0.125
-0.25
0.816666666667
0.0
0.816666666667
0.25
0.25
0.3
0.816666666667
0.5
0.5
0.3
0.5
0.5
0.5
0.5
0.5
0.65
-0.03
0.4
0.5
0.6
-0.25
-0.25
0.166666666667
-0.75
1.0
0.4
0.5
0.5
0.5
0.6
-0.5
0.0
0.5
0.4
0.3
0.5
-0.75
0.8
0.5
0.5
-0.8
0.4
1.0
0.8
0.0
0.6
0.5
0.5
0.25
0.55
-0.25
0.5
0.3875
0.4
0.6
0.4
0.5
0.0
0.0
0.5
0.5
0.5
0.4
0.5
-0.5
0.5
0.0
0.5
0.0
0.6
0.0
0.5
0.5
0.6
0.5
0.5
-0.5
0.6
0.5
0.0
0.0
0.4
0.45
0.4
0.4
0.6
0.5
0.8
0.5
0.4
0.4
-0.8
0.0
0.4
0.6
0.8
0.4
0.5
-0.5
-0.5
0.4
0.4
-0.5
0.5
0.0
0.0
0.25
0.433333333333
0.8
0.5
0.5
0.3
0.0
